501
    0.00       5.800     3.360     2.600    1456.0     600.0
   20.00       5.800     3.360     2.900    1350.0     600.0
   20.00       6.500     3.750     2.900    1350.0     600.0
   35.00       6.500     3.750     2.900    1350.0     600.0
   35.00       8.040     4.470     3.381    1446.0     600.0
   50.00       8.042     4.475     3.379    1446.0     600.0
   71.00       8.044     4.483     3.375     195.0      80.0
   90.00       8.046     4.490     3.373     195.0      80.0
  120.00       8.050     4.500     3.371     195.0      80.0
  150.00       8.134     4.506     3.366     195.0      80.0
  171.00       8.192     4.510     3.363     195.0      80.0
  190.00       8.245     4.514     3.361     195.0      80.0
  210.00       8.300     4.518     3.359     195.0      80.0
  210.00       8.300     4.522     3.436     362.0     143.0
  231.00       8.377     4.559     3.445     362.0     143.0
  251.00       8.450     4.593     3.454     362.0     143.0
  271.00       8.523     4.628     3.463     365.0     143.0
  291.00       8.596     4.663     3.474     362.0     143.0
  311.00       8.669     4.698     3.482     362.0     143.0
  331.00       8.742     4.732     3.495     362.0     143.0
  351.00       8.815     4.767     3.505     362.0     143.0
  371.00       8.888     4.802     3.516     370.0     143.0
  391.00       8.9608    4.8369    3.5298    370.0     143.0
  410.00       9.030     4.870     3.543     372.0     143.0
  410.00       9.375     5.096     3.724     366.0     143.0
  431.00       9.4456    5.1404    3.7457    366.0     143.0
  451.00       9.5128    5.1827    3.7663    365.0     143.0
  471.00       9.580     5.225     3.787     365.0     143.0
  491.00       9.6472    5.2674    3.8122    365.0     143.0
  511.00       9.7144    5.3098    3.8374    364.0     143.0
  531.00       9.7816    5.3522    3.8626    364.0     143.0
  551.00       9.8488    5.3946    3.8878    363.0     143.0
  571.00       9.916     5.437     3.913     363.0     143.0
  591.00       9.9832    5.4795    3.9308    363.0     143.0
  600.00       10.0134    5.4986    3.9387   362.0     143.0
  620.00       10.0806    5.5411    3.9565   362.0     143.0
  640.00       10.1478    5.5835    3.9742   362.0     143.0
  660.00      10.215     5.626     3.992     362.0     143.0
  660.00      10.770     5.988     3.992     362.0     143.0
671.000000 10.785600 5.977290 4.387610 759.000000 312.000000 
691.000000 10.816700 6.006530 4.393835 759.000000 312.000000 
711.000000 10.878950 6.065015 4.406255 759.000000 312.000000 
731.000000 10.941200 6.123510 4.418620 744.000000 312.000000 
751.000000 11.003400 6.182020 4.430935 744.000000 312.000000 
771.000000 11.059200 6.229435 4.443200 730.000000 312.000000 
791.000000 11.102100 6.254735 4.455410 730.000000 312.000000 
811.000000 11.138350 6.268960 4.467570 730.000000 312.000000 
831.000000 11.174250 6.283050 4.479680 730.000000 312.000000 
851.000000 11.209750 6.297005 4.491740 730.000000 312.000000 
871.000000 11.244900 6.310830 4.503755 737.000000 312.000000 
891.000000 11.279700 6.324525 4.515720 737.000000 312.000000 
911.000000 11.314150 6.338090 4.527635 737.000000 312.000000 
931.000000 11.348300 6.351530 4.539505 737.000000 312.000000 
951.000000 11.382100 6.364850 4.551330 737.000000 312.000000 
971.000000 11.415550 6.378045 4.563105 743.000000 312.000000 
991.000000 11.448700 6.391120 4.574835 743.000000 312.000000 
1011.000000 11.481550 6.404075 4.586525 743.000000 312.000000 
1031.000000 11.514100 6.416910 4.598170 743.000000 312.000000 
1051.000000 11.546350 6.429635 4.609765 743.000000 312.000000 
1071.000000 11.578300 6.442245 4.621320 750.000000 312.000000 
1091.000000 11.609900 6.454740 4.632835 750.000000 312.000000 
1111.000000 11.641200 6.467125 4.644305 750.000000 312.000000 
1131.000000 11.672250 6.479400 4.655735 750.000000 312.000000 
1151.000000 11.703050 6.491565 4.667125 750.000000 312.000000 
1171.000000 11.733550 6.503625 4.678470 755.000000 312.000000 
1191.000000 11.763750 6.515585 4.689775 755.000000 312.000000 
1211.000000 11.793750 6.527445 4.701045 755.000000 312.000000 
1231.000000 11.823450 6.539205 4.712280 755.000000 312.000000 
1251.000000 11.852850 6.550865 4.723475 755.000000 312.000000 
1271.000000 11.882050 6.562425 4.734630 761.000000 312.000000 
1291.000000 11.911000 6.573890 4.745750 761.000000 312.000000 
1311.000000 11.939700 6.585265 4.756830 761.000000 312.000000 
1331.000000 11.968200 6.596550 4.767875 761.000000 312.000000 
1351.000000 11.996450 6.607740 4.778885 761.000000 312.000000 
1371.000000 12.024450 6.618840 4.789860 766.000000 312.000000 
1391.000000 12.052250 6.629860 4.800805 766.000000 312.000000 
1411.000000 12.079800 6.640795 4.811715 766.000000 312.000000 
1431.000000 12.107150 6.651645 4.822590 766.000000 312.000000 
1451.000000 12.134300 6.662415 4.833435 766.000000 312.000000 
1471.000000 12.161250 6.673105 4.844250 770.000000 312.000000 
1491.000000 12.188000 6.683715 4.855030 770.000000 312.000000 
1511.000000 12.214550 6.694250 4.865780 770.000000 312.000000 
1531.000000 12.240950 6.704710 4.876505 770.000000 312.000000 
1551.000000 12.267150 6.715095 4.887195 770.000000 312.000000 
1571.000000 12.293150 6.725415 4.897855 775.000000 312.000000 
1591.000000 12.319000 6.735665 4.908490 775.000000 312.000000 
1611.000000 12.344700 6.745845 4.919095 775.000000 312.000000 
1631.000000 12.370200 6.755960 4.929675 775.000000 312.000000 
1651.000000 12.395550 6.766010 4.940230 775.000000 312.000000 
1671.000000 12.420750 6.775995 4.950755 779.000000 312.000000 
1691.000000 12.445800 6.785920 4.961255 779.000000 312.000000 
1711.000000 12.470700 6.795790 4.971735 779.000000 312.000000 
1731.000000 12.495500 6.805605 4.982190 779.000000 312.000000 
1751.000000 12.520150 6.815360 4.992615 779.000000 312.000000 
1771.000000 12.544650 6.825060 5.003020 784.000000 312.000000 
1791.000000 12.569050 6.834710 5.013405 784.000000 312.000000 
1811.000000 12.593300 6.844310 5.023765 784.000000 312.000000 
1831.000000 12.617450 6.853865 5.034105 784.000000 312.000000 
1851.000000 12.641550 6.863370 5.044425 784.000000 312.000000 
1871.000000 12.665550 6.872830 5.054725 788.000000 312.000000 
1891.000000 12.689400 6.882245 5.065005 788.000000 312.000000 
1911.000000 12.713150 6.891620 5.075265 788.000000 312.000000 
1931.000000 12.736800 6.900955 5.085505 788.000000 312.000000 
1951.000000 12.760400 6.910250 5.095725 788.000000 312.000000 
1971.000000 12.783900 6.919510 5.105930 792.000000 312.000000 
1991.000000 12.807300 6.928735 5.116120 792.000000 312.000000 
2011.000000 12.830700 6.937925 5.126290 792.000000 312.000000 
2031.000000 12.854050 6.947085 5.136445 792.000000 312.000000 
2051.000000 12.877300 6.956220 5.146590 792.000000 312.000000 
2071.000000 12.900450 6.965325 5.156720 795.000000 312.000000 
2091.000000 12.923600 6.974400 5.166835 795.000000 312.000000 
2111.000000 12.946750 6.983450 5.176935 795.000000 312.000000 
2131.000000 12.969800 6.992480 5.187020 795.000000 312.000000 
2151.000000 12.992800 7.001490 5.197095 795.000000 312.000000 
2171.000000 13.015800 7.010480 5.207155 799.000000 312.000000 
2191.000000 13.038800 7.019450 5.217205 799.000000 312.000000 
2211.000000 13.061750 7.028405 5.227250 799.000000 312.000000 
2231.000000 13.084700 7.037350 5.237280 799.000000 312.000000 
2251.000000 13.107650 7.046280 5.247300 799.000000 312.000000 
2271.000000 13.130550 7.055195 5.257315 803.000000 312.000000 
2291.000000 13.153500 7.064105 5.267320 803.000000 312.000000 
2311.000000 13.176450 7.073010 5.277315 803.000000 312.000000 
2331.000000 13.199400 7.081905 5.287305 803.000000 312.000000 
2351.000000 13.222350 7.090795 5.297290 803.000000 312.000000 
2371.000000 13.245300 7.099690 5.307270 807.000000 312.000000 
2391.000000 13.268350 7.108585 5.317245 807.000000 312.000000 
2411.000000 13.291400 7.117475 5.327210 807.000000 312.000000 
2431.000000 13.314450 7.126370 5.337170 807.000000 312.000000 
2451.000000 13.337600 7.135270 5.347130 807.000000 312.000000 
2471.000000 13.360800 7.144175 5.357085 811.000000 312.000000 
2491.000000 13.384000 7.153090 5.367035 811.000000 312.000000 
2511.000000 13.407250 7.162015 5.376990 811.000000 312.000000 
2531.000000 13.430600 7.170950 5.386945 811.000000 312.000000 
2551.000000 13.454000 7.179900 5.396895 811.000000 312.000000 
2571.000000 13.477450 7.188870 5.406840 815.000000 312.000000 
2591.000000 13.501000 7.197855 5.416785 815.000000 312.000000 
2611.000000 13.524600 7.206855 5.426740 815.000000 312.000000 
2631.000000 13.548300 7.215875 5.436695 815.000000 312.000000 
2651.000000 13.572100 7.224915 5.446645 815.000000 312.000000 
2671.000000 13.596000 7.233980 5.456600 819.000000 312.000000 
2691.000000 13.620000 7.243075 5.466560 819.000000 312.000000 
2711.000000 13.644100 7.252195 5.476525 819.000000 312.000000 
2731.000000 13.668300 7.261345 5.486495 819.000000 312.000000 
2751.000000 13.682800 7.265875 5.496465 822.000000 312.000000 
2771.000000 13.687600 7.265745 5.506440 823.000000 312.000000 
2791.000000 13.692350 7.265585 5.516425 823.000000 312.000000 
2811.000000 13.697150 7.265415 5.526415 823.000000 312.000000 
2831.000000 13.702000 7.265240 5.536415 823.000000 312.000000 
2851.000000 13.706850 7.265050 5.546420 823.000000 312.000000 
2871.000000 13.711750 7.264850 5.556430 826.000000 312.000000 
2891.000000 13.714200 7.264750 5.561440 826.000000 312.000000 
2891.000000 8.072080 0.000000 9.910230 57822.000000 0.000000 
2899.500000 8.079985 0.000000 9.917605 57822.000000 0.000000 
2909.500000 8.096395 0.000000 9.932920 57822.000000 0.000000 
2919.500000 8.113365 0.000000 9.948770 57822.000000 0.000000 
2929.500000 8.130250 0.000000 9.964555 57822.000000 0.000000 
2939.500000 8.147050 0.000000 9.980280 57822.000000 0.000000 
2949.500000 8.163765 0.000000 9.995965 57822.000000 0.000000 
2959.500000 8.180395 0.000000 10.011550 57822.000000 0.000000 
2969.500000 8.196940 0.000000 10.027050 57822.000000 0.000000 
2979.500000 8.213405 0.000000 10.042550 57822.000000 0.000000 
2989.500000 8.229790 0.000000 10.058000 57822.000000 0.000000 
2999.500000 8.246085 0.000000 10.073350 57822.000000 0.000000 
3009.500000 8.262300 0.000000 10.088650 57822.000000 0.000000 
3019.500000 8.278435 0.000000 10.103900 57822.000000 0.000000 
3029.500000 8.294485 0.000000 10.119050 57822.000000 0.000000 
3039.500000 8.310455 0.000000 10.134150 57822.000000 0.000000 
3049.500000 8.326340 0.000000 10.149200 57822.000000 0.000000 
3059.500000 8.342145 0.000000 10.164200 57822.000000 0.000000 
3069.500000 8.357875 0.000000 10.179150 57822.000000 0.000000 
3079.500000 8.373520 0.000000 10.194000 57822.000000 0.000000 
3089.500000 8.389085 0.000000 10.208800 57822.000000 0.000000 
3099.500000 8.404575 0.000000 10.223550 57822.000000 0.000000 
3109.500000 8.419980 0.000000 10.238250 57822.000000 0.000000 
3119.500000 8.435305 0.000000 10.252900 57822.000000 0.000000 
3129.500000 8.450555 0.000000 10.267450 57822.000000 0.000000 
3139.500000 8.465730 0.000000 10.281950 57822.000000 0.000000 
3149.500000 8.480825 0.000000 10.296400 57822.000000 0.000000 
3159.500000 8.495840 0.000000 10.310800 57822.000000 0.000000 
3169.500000 8.510775 0.000000 10.325150 57822.000000 0.000000 
3179.500000 8.525635 0.000000 10.339400 57822.000000 0.000000 
3189.500000 8.540420 0.000000 10.353600 57822.000000 0.000000 
3199.500000 8.555125 0.000000 10.367750 57822.000000 0.000000 
3209.500000 8.569755 0.000000 10.381850 57822.000000 0.000000 
3219.500000 8.584310 0.000000 10.395900 57822.000000 0.000000 
3229.500000 8.598790 0.000000 10.409900 57822.000000 0.000000 
3239.500000 8.613195 0.000000 10.423800 57822.000000 0.000000 
3249.500000 8.627525 0.000000 10.437650 57822.000000 0.000000 
3259.500000 8.641780 0.000000 10.451500 57822.000000 0.000000 
3269.500000 8.655960 0.000000 10.465250 57822.000000 0.000000 
3279.500000 8.670065 0.000000 10.478900 57822.000000 0.000000 
3289.500000 8.684100 0.000000 10.492500 57822.000000 0.000000 
3299.500000 8.698060 0.000000 10.506100 57822.000000 0.000000 
3309.500000 8.711945 0.000000 10.519650 57822.000000 0.000000 
3319.500000 8.725760 0.000000 10.533100 57822.000000 0.000000 
3329.500000 8.739500 0.000000 10.546500 57822.000000 0.000000 
3339.500000 8.753165 0.000000 10.559850 57822.000000 0.000000 
3349.500000 8.766765 0.000000 10.573150 57822.000000 0.000000 
3359.500000 8.780295 0.000000 10.586400 57822.000000 0.000000 
3369.500000 8.793750 0.000000 10.599550 57822.000000 0.000000 
3379.500000 8.807130 0.000000 10.612650 57822.000000 0.000000 
3389.500000 8.820440 0.000000 10.625750 57822.000000 0.000000 
3399.500000 8.833685 0.000000 10.638750 57822.000000 0.000000 
3409.500000 8.846860 0.000000 10.651700 57822.000000 0.000000 
3419.500000 8.859965 0.000000 10.664600 57822.000000 0.000000 
3429.500000 8.872995 0.000000 10.677400 57822.000000 0.000000 
3439.500000 8.885955 0.000000 10.690200 57822.000000 0.000000 
3449.500000 8.898855 0.000000 10.702950 57822.000000 0.000000 
3459.500000 8.911685 0.000000 10.715600 57822.000000 0.000000 
3469.500000 8.924445 0.000000 10.728200 57822.000000 0.000000 
3479.500000 8.937135 0.000000 10.740800 57822.000000 0.000000 
3489.500000 8.949760 0.000000 10.753300 57822.000000 0.000000 
3499.500000 8.962320 0.000000 10.765750 57822.000000 0.000000 
3509.500000 8.974810 0.000000 10.778150 57822.000000 0.000000 
3519.500000 8.987235 0.000000 10.790500 57822.000000 0.000000 
3529.500000 8.999590 0.000000 10.802800 57822.000000 0.000000 
3539.500000 9.011880 0.000000 10.815000 57822.000000 0.000000 
3549.500000 9.024110 0.000000 10.827200 57822.000000 0.000000 
3559.500000 9.036275 0.000000 10.839350 57822.000000 0.000000 
3569.500000 9.048370 0.000000 10.851400 57822.000000 0.000000 
3579.500000 9.060400 0.000000 10.863400 57822.000000 0.000000 
3589.500000 9.072370 0.000000 10.875400 57822.000000 0.000000 
3599.500000 9.084275 0.000000 10.887300 57822.000000 0.000000 
3609.500000 9.096115 0.000000 10.899150 57822.000000 0.000000 
3619.500000 9.107895 0.000000 10.910950 57822.000000 0.000000 
3629.500000 9.119610 0.000000 10.922700 57822.000000 0.000000 
3639.500000 9.131260 0.000000 10.934400 57822.000000 0.000000 
3649.500000 9.142850 0.000000 10.946050 57822.000000 0.000000 
3659.500000 9.154375 0.000000 10.957650 57822.000000 0.000000 
3669.500000 9.165840 0.000000 10.969150 57822.000000 0.000000 
3679.500000 9.177245 0.000000 10.980650 57822.000000 0.000000 
3689.500000 9.188585 0.000000 10.992100 57822.000000 0.000000 
3699.500000 9.199870 0.000000 11.003500 57822.000000 0.000000 
3709.500000 9.211095 0.000000 11.014850 57822.000000 0.000000 
3719.500000 9.222255 0.000000 11.026100 57822.000000 0.000000 
3729.500000 9.233355 0.000000 11.037300 57822.000000 0.000000 
3739.500000 9.244395 0.000000 11.048500 57822.000000 0.000000 
3749.500000 9.255380 0.000000 11.059650 57822.000000 0.000000 
3759.500000 9.266305 0.000000 11.070700 57822.000000 0.000000 
3769.500000 9.277170 0.000000 11.081700 57822.000000 0.000000 
3779.500000 9.287980 0.000000 11.092650 57822.000000 0.000000 
3789.500000 9.298730 0.000000 11.103550 57822.000000 0.000000 
3799.500000 9.309420 0.000000 11.114450 57822.000000 0.000000 
3809.500000 9.320050 0.000000 11.125300 57822.000000 0.000000 
3819.500000 9.330625 0.000000 11.136050 57822.000000 0.000000 
3829.500000 9.341150 0.000000 11.146750 57822.000000 0.000000 
3839.500000 9.351615 0.000000 11.157400 57822.000000 0.000000 
3849.500000 9.362020 0.000000 11.168000 57822.000000 0.000000 
3859.500000 9.372375 0.000000 11.178600 57822.000000 0.000000 
3869.500000 9.382675 0.000000 11.189100 57822.000000 0.000000 
3879.500000 9.392915 0.000000 11.199550 57822.000000 0.000000 
3889.500000 9.403100 0.000000 11.210000 57822.000000 0.000000 
3899.500000 9.413235 0.000000 11.220350 57822.000000 0.000000 
3909.500000 9.423315 0.000000 11.230650 57822.000000 0.000000 
3919.500000 9.433335 0.000000 11.240900 57822.000000 0.000000 
3929.500000 9.443305 0.000000 11.251100 57822.000000 0.000000 
3939.500000 9.453225 0.000000 11.261300 57822.000000 0.000000 
3949.500000 9.463090 0.000000 11.271400 57822.000000 0.000000 
3959.500000 9.472900 0.000000 11.281450 57822.000000 0.000000 
3969.500000 9.482660 0.000000 11.291500 57822.000000 0.000000 
3979.500000 9.492370 0.000000 11.301450 57822.000000 0.000000 
3989.500000 9.502025 0.000000 11.311350 57822.000000 0.000000 
3999.500000 9.511630 0.000000 11.321250 57822.000000 0.000000 
4009.500000 9.521185 0.000000 11.331100 57822.000000 0.000000 
4019.500000 9.530690 0.000000 11.340850 57822.000000 0.000000 
4029.500000 9.540145 0.000000 11.350550 57822.000000 0.000000 
4039.500000 9.549545 0.000000 11.360250 57822.000000 0.000000 
4049.500000 9.558895 0.000000 11.369900 57822.000000 0.000000 
4059.500000 9.568200 0.000000 11.379450 57822.000000 0.000000 
4069.500000 9.577455 0.000000 11.388950 57822.000000 0.000000 
4079.500000 9.586660 0.000000 11.398450 57822.000000 0.000000 
4089.500000 9.595820 0.000000 11.407900 57822.000000 0.000000 
4099.500000 9.604930 0.000000 11.417300 57822.000000 0.000000 
4109.500000 9.613990 0.000000 11.426650 57822.000000 0.000000 
4119.500000 9.623005 0.000000 11.435950 57822.000000 0.000000 
4129.500000 9.631970 0.000000 11.445200 57822.000000 0.000000 
4139.500000 9.640890 0.000000 11.454400 57822.000000 0.000000 
4149.500000 9.649765 0.000000 11.463550 57822.000000 0.000000 
4159.500000 9.658590 0.000000 11.472650 57822.000000 0.000000 
4169.500000 9.667370 0.000000 11.481750 57822.000000 0.000000 
4179.500000 9.676105 0.000000 11.490800 57822.000000 0.000000 
4189.500000 9.684795 0.000000 11.499750 57822.000000 0.000000 
4199.500000 9.693440 0.000000 11.508650 57822.000000 0.000000 
4209.500000 9.702035 0.000000 11.517550 57822.000000 0.000000 
4219.500000 9.710590 0.000000 11.526400 57822.000000 0.000000 
4229.500000 9.719105 0.000000 11.535200 57822.000000 0.000000 
4239.500000 9.727570 0.000000 11.543950 57822.000000 0.000000 
4249.500000 9.735995 0.000000 11.552650 57822.000000 0.000000 
4259.500000 9.744375 0.000000 11.561300 57822.000000 0.000000 
4269.500000 9.752710 0.000000 11.569900 57822.000000 0.000000 
4279.500000 9.761010 0.000000 11.578450 57822.000000 0.000000 
4289.500000 9.769265 0.000000 11.586950 57822.000000 0.000000 
4299.500000 9.777475 0.000000 11.595450 57822.000000 0.000000 
4309.500000 9.785645 0.000000 11.603900 57822.000000 0.000000 
4319.500000 9.793775 0.000000 11.612300 57822.000000 0.000000 
4329.500000 9.801860 0.000000 11.620650 57822.000000 0.000000 
4339.500000 9.809905 0.000000 11.628950 57822.000000 0.000000 
4349.500000 9.817915 0.000000 11.637200 57822.000000 0.000000 
4359.500000 9.825880 0.000000 11.645400 57822.000000 0.000000 
4369.500000 9.833805 0.000000 11.653550 57822.000000 0.000000 
4379.500000 9.841695 0.000000 11.661650 57822.000000 0.000000 
4389.500000 9.849545 0.000000 11.669750 57822.000000 0.000000 
4399.500000 9.857355 0.000000 11.677800 57822.000000 0.000000 
4409.500000 9.865125 0.000000 11.685800 57822.000000 0.000000 
4419.500000 9.872855 0.000000 11.693750 57822.000000 0.000000 
4429.500000 9.880550 0.000000 11.701650 57822.000000 0.000000 
4439.500000 9.888210 0.000000 11.709500 57822.000000 0.000000 
4449.500000 9.895830 0.000000 11.717300 57822.000000 0.000000 
4459.500000 9.903415 0.000000 11.725100 57822.000000 0.000000 
4469.500000 9.910965 0.000000 11.732850 57822.000000 0.000000 
4479.500000 9.918475 0.000000 11.740550 57822.000000 0.000000 
4489.500000 9.925950 0.000000 11.748200 57822.000000 0.000000 
4499.500000 9.933390 0.000000 11.755800 57822.000000 0.000000 
4509.500000 9.940795 0.000000 11.763350 57822.000000 0.000000 
4519.500000 9.948165 0.000000 11.770850 57822.000000 0.000000 
4529.500000 9.955500 0.000000 11.778350 57822.000000 0.000000 
4539.500000 9.962800 0.000000 11.785800 57822.000000 0.000000 
4549.500000 9.970065 0.000000 11.793200 57822.000000 0.000000 
4559.500000 9.977300 0.000000 11.800600 57822.000000 0.000000 
4569.500000 9.984500 0.000000 11.807950 57822.000000 0.000000 
4579.500000 9.991665 0.000000 11.815200 57822.000000 0.000000 
4589.500000 9.998820 0.000000 11.822400 57822.000000 0.000000 
4599.500000 10.005900 0.000000 11.829600 57822.000000 0.000000 
4609.500000 10.012950 0.000000 11.836750 57822.000000 0.000000 
4619.500000 10.020000 0.000000 11.843850 57822.000000 0.000000 
4629.500000 10.027000 0.000000 11.850950 57822.000000 0.000000 
4639.500000 10.034000 0.000000 11.858000 57822.000000 0.000000 
4649.500000 10.040950 0.000000 11.865000 57822.000000 0.000000 
4659.500000 10.047850 0.000000 11.871950 57822.000000 0.000000 
4669.500000 10.054750 0.000000 11.878850 57822.000000 0.000000 
4679.500000 10.061600 0.000000 11.885750 57822.000000 0.000000 
4689.500000 10.068400 0.000000 11.892600 57822.000000 0.000000 
4699.500000 10.075200 0.000000 11.899350 57822.000000 0.000000 
4709.500000 10.081950 0.000000 11.906100 57822.000000 0.000000 
4719.500000 10.088700 0.000000 11.912850 57822.000000 0.000000 
4729.500000 10.095450 0.000000 11.919500 57822.000000 0.000000 
4739.500000 10.102100 0.000000 11.926150 57822.000000 0.000000 
4749.500000 10.108750 0.000000 11.932750 57822.000000 0.000000 
4759.500000 10.115400 0.000000 11.939300 57822.000000 0.000000 
4769.500000 10.122000 0.000000 11.945850 57822.000000 0.000000 
4779.500000 10.128550 0.000000 11.952300 57822.000000 0.000000 
4789.500000 10.135050 0.000000 11.958750 57822.000000 0.000000 
4799.500000 10.141550 0.000000 11.965200 57822.000000 0.000000 
4809.500000 10.148050 0.000000 11.971550 57822.000000 0.000000 
4819.500000 10.154550 0.000000 11.977850 57822.000000 0.000000 
4829.500000 10.161000 0.000000 11.984150 57822.000000 0.000000 
4839.500000 10.167400 0.000000 11.990400 57822.000000 0.000000 
4849.500000 10.173800 0.000000 11.996600 57822.000000 0.000000 
4859.500000 10.180150 0.000000 12.002800 57822.000000 0.000000 
4869.500000 10.186500 0.000000 12.008950 57822.000000 0.000000 
4879.500000 10.192850 0.000000 12.015050 57822.000000 0.000000 
4889.500000 10.199150 0.000000 12.021150 57822.000000 0.000000 
4899.500000 10.205400 0.000000 12.027200 57822.000000 0.000000 
4909.500000 10.211650 0.000000 12.033150 57822.000000 0.000000 
4919.500000 10.217900 0.000000 12.039100 57822.000000 0.000000 
4929.500000 10.224100 0.000000 12.045050 57822.000000 0.000000 
4939.500000 10.230300 0.000000 12.050950 57822.000000 0.000000 
4949.500000 10.236450 0.000000 12.056800 57822.000000 0.000000 
4959.500000 10.242600 0.000000 12.062600 57822.000000 0.000000 
4969.500000 10.248750 0.000000 12.068350 57822.000000 0.000000 
4979.500000 10.254850 0.000000 12.074100 57822.000000 0.000000 
4989.500000 10.260900 0.000000 12.079850 57822.000000 0.000000 
4999.500000 10.266950 0.000000 12.085500 57822.000000 0.000000 
5009.500000 10.273000 0.000000 12.091100 57822.000000 0.000000 
5019.500000 10.279000 0.000000 12.096700 57822.000000 0.000000 
5029.500000 10.285000 0.000000 12.102250 57822.000000 0.000000 
5039.500000 10.291000 0.000000 12.107800 57822.000000 0.000000 
5049.500000 10.297000 0.000000 12.113300 57822.000000 0.000000 
5059.500000 10.302950 0.000000 12.118750 57822.000000 0.000000 
5069.500000 10.308850 0.000000 12.124200 57822.000000 0.000000 
5079.500000 10.314750 0.000000 12.129600 57822.000000 0.000000 
5089.500000 10.320650 0.000000 12.134950 57822.000000 0.000000 
5099.500000 10.326550 0.000000 12.140250 57822.000000 0.000000 
5109.500000 10.332400 0.000000 12.145550 57822.000000 0.000000 
5119.500000 10.338250 0.000000 12.150800 57822.000000 0.000000 
5129.500000 10.344100 0.000000 12.156000 57822.000000 0.000000 
5139.500000 10.349900 0.000000 12.161200 57822.000000 0.000000 
5149.500000 10.352800 0.000000 12.163800 57822.000000 0.000000 
5149.500000 11.030200 3.505650 12.766300 445.000000 85.000000 
5159.500000 11.032100 3.506975 12.768900 445.000000 85.000000 
5169.500000 11.035850 3.509615 12.774150 445.000000 85.000000 
5179.500000 11.039600 3.512240 12.779400 445.000000 85.000000 
5189.500000 11.043350 3.514845 12.784550 445.000000 85.000000 
5199.500000 11.047050 3.517420 12.789650 445.000000 85.000000 
5209.500000 11.050700 3.519975 12.794750 445.000000 85.000000 
5219.500000 11.054300 3.522510 12.799800 445.000000 85.000000 
5229.500000 11.057900 3.525020 12.804800 445.000000 85.000000 
5239.500000 11.061450 3.527510 12.809750 445.000000 85.000000 
5249.500000 11.065000 3.529980 12.814650 445.000000 85.000000 
5259.500000 11.068500 3.532430 12.819500 445.000000 85.000000 
5269.500000 11.071950 3.534855 12.824300 445.000000 85.000000 
5279.500000 11.075400 3.537255 12.829100 443.000000 85.000000 
5289.500000 11.078800 3.539635 12.833850 443.000000 85.000000 
5299.500000 11.082200 3.541995 12.838500 443.000000 85.000000 
5309.500000 11.085550 3.544335 12.843150 443.000000 85.000000 
5319.500000 11.088850 3.546650 12.847750 443.000000 85.000000 
5329.500000 11.092150 3.548940 12.852300 443.000000 85.000000 
5339.500000 11.095400 3.551210 12.856850 443.000000 85.000000 
5349.500000 11.098600 3.553460 12.861300 443.000000 85.000000 
5359.500000 11.101800 3.555690 12.865700 443.000000 85.000000 
5369.500000 11.104950 3.557895 12.870100 443.000000 85.000000 
5379.500000 11.108050 3.560080 12.874450 440.000000 85.000000 
5389.500000 11.111150 3.562245 12.878750 440.000000 85.000000 
5399.500000 11.114200 3.564385 12.883000 440.000000 85.000000 
5409.500000 11.117250 3.566500 12.887200 440.000000 85.000000 
5419.500000 11.120250 3.568595 12.891350 440.000000 85.000000 
5429.500000 11.123200 3.570670 12.895450 440.000000 85.000000 
5439.500000 11.126150 3.572720 12.899550 440.000000 85.000000 
5449.500000 11.129050 3.574750 12.903600 440.000000 85.000000 
5459.500000 11.131950 3.576760 12.907600 440.000000 85.000000 
5469.500000 11.134800 3.578750 12.911550 440.000000 85.000000 
5479.500000 11.137600 3.580715 12.915450 439.000000 85.000000 
5489.500000 11.140350 3.582655 12.919300 439.000000 85.000000 
5499.500000 11.143100 3.584575 12.923100 439.000000 85.000000 
5509.500000 11.145850 3.586475 12.926900 439.000000 85.000000 
5519.500000 11.148550 3.588350 12.930650 439.000000 85.000000 
5529.500000 11.151200 3.590205 12.934300 439.000000 85.000000 
5539.500000 11.153800 3.592040 12.937950 439.000000 85.000000 
5549.500000 11.156400 3.593850 12.941550 439.000000 85.000000 
5559.500000 11.158950 3.595640 12.945100 439.000000 85.000000 
5569.500000 11.161450 3.597410 12.948650 439.000000 85.000000 
5579.500000 11.163950 3.599155 12.952100 437.000000 85.000000 
5589.500000 11.166450 3.600875 12.955500 437.000000 85.000000 
5599.500000 11.168900 3.602575 12.958900 437.000000 85.000000 
5609.500000 11.171300 3.604255 12.962250 437.000000 85.000000 
5619.500000 11.173650 3.605915 12.965550 437.000000 85.000000 
5629.500000 11.176000 3.607550 12.968800 437.000000 85.000000 
5639.500000 11.178300 3.609165 12.972000 437.000000 85.000000 
5649.500000 11.180550 3.610760 12.975150 437.000000 85.000000 
5659.500000 11.182800 3.612330 12.978250 437.000000 85.000000 
5669.500000 11.185000 3.613880 12.981350 437.000000 85.000000 
5679.500000 11.187200 3.615405 12.984400 436.000000 85.000000 
5689.500000 11.189350 3.616905 12.987350 436.000000 85.000000 
5699.500000 11.191500 3.618390 12.990300 436.000000 85.000000 
5709.500000 11.193600 3.619855 12.993250 436.000000 85.000000 
5719.500000 11.195650 3.621290 12.996100 436.000000 85.000000 
5729.500000 11.197700 3.622705 12.998900 436.000000 85.000000 
5739.500000 11.199700 3.624100 13.001650 436.000000 85.000000 
5749.500000 11.201650 3.625470 13.004350 436.000000 85.000000 
5759.500000 11.203550 3.626820 13.007050 436.000000 85.000000 
5769.500000 11.205450 3.628150 13.009700 436.000000 85.000000 
5779.500000 11.207350 3.629460 13.012300 434.000000 85.000000 
5789.500000 11.209200 3.630745 13.014850 434.000000 85.000000 
5799.500000 11.211000 3.632010 13.017350 434.000000 85.000000 
5809.500000 11.212750 3.633255 13.019850 434.000000 85.000000 
5819.500000 11.214500 3.634475 13.022300 434.000000 85.000000 
5829.500000 11.216250 3.635670 13.024650 434.000000 85.000000 
5839.500000 11.217900 3.636845 13.026950 434.000000 85.000000 
5849.500000 11.219550 3.638000 13.029250 434.000000 85.000000 
5859.500000 11.221200 3.639130 13.031500 434.000000 85.000000 
5869.500000 11.222750 3.640240 13.033700 434.000000 85.000000 
5879.500000 11.224300 3.641330 13.035900 433.000000 85.000000 
5889.500000 11.225850 3.642395 13.038050 433.000000 85.000000 
5899.500000 11.227350 3.643435 13.040100 433.000000 85.000000 
5909.500000 11.228800 3.644460 13.042100 433.000000 85.000000 
5919.500000 11.230200 3.645465 13.044100 433.000000 85.000000 
5929.500000 11.231600 3.646440 13.046050 433.000000 85.000000 
5939.500000 11.233000 3.647395 13.047950 433.000000 85.000000 
5949.500000 11.234350 3.648330 13.049800 433.000000 85.000000 
5959.500000 11.235650 3.649240 13.051600 433.000000 85.000000 
5969.500000 11.236950 3.650130 13.053400 433.000000 85.000000 
5979.500000 11.238200 3.651000 13.055150 432.000000 85.000000 
5989.500000 11.239400 3.651850 13.056800 432.000000 85.000000 
5999.500000 11.240550 3.652675 13.058450 432.000000 85.000000 
6009.500000 11.241700 3.653475 13.060050 432.000000 85.000000 
6019.500000 11.242850 3.654255 13.061600 432.000000 85.000000 
6029.500000 11.243900 3.655015 13.063100 432.000000 85.000000 
6039.500000 11.244950 3.655755 13.064550 432.000000 85.000000 
6049.500000 11.246000 3.656470 13.066000 432.000000 85.000000 
6059.500000 11.247000 3.657165 13.067350 432.000000 85.000000 
6069.500000 11.247950 3.657840 13.068700 432.000000 85.000000 
6079.500000 11.248850 3.658490 13.070000 432.000000 85.000000 
6089.500000 11.249750 3.659115 13.071250 432.000000 85.000000 
6099.500000 11.250650 3.659720 13.072450 432.000000 85.000000 
6109.500000 11.251500 3.660305 13.073600 432.000000 85.000000 
6119.500000 11.252300 3.660865 13.074750 432.000000 85.000000 
6129.500000 11.253050 3.661405 13.075800 432.000000 85.000000 
6139.500000 11.253800 3.661925 13.076800 432.000000 85.000000 
6149.500000 11.254550 3.662420 13.077800 432.000000 85.000000 
6159.500000 11.255200 3.662895 13.078750 432.000000 85.000000 
6169.500000 11.255800 3.663350 13.079650 432.000000 85.000000 
6179.500000 11.256400 3.663780 13.080500 431.000000 85.000000 
6189.500000 11.257000 3.664190 13.081300 431.000000 85.000000 
6199.500000 11.257600 3.664575 13.082100 431.000000 85.000000 
6209.500000 11.258150 3.664940 13.082850 431.000000 85.000000 
6219.500000 11.258600 3.665285 13.083500 431.000000 85.000000 
6229.500000 11.259050 3.665605 13.084100 431.000000 85.000000 
6239.500000 11.259500 3.665905 13.084700 431.000000 85.000000 
6249.500000 11.259900 3.666180 13.085250 431.000000 85.000000 
6259.500000 11.260250 3.666435 13.085750 431.000000 85.000000 
6269.500000 11.260550 3.666670 13.086250 431.000000 85.000000 
6279.500000 11.260850 3.666880 13.086700 431.000000 85.000000 
6289.500000 11.261150 3.667070 13.087050 431.000000 85.000000 
6299.500000 11.261400 3.667240 13.087350 431.000000 85.000000 
6309.500000 11.261600 3.667385 13.087650 431.000000 85.000000 
6319.500000 11.261800 3.667505 13.087900 431.000000 85.000000 
6329.500000 11.261950 3.667605 13.088100 431.000000 85.000000 
6339.500000 11.262050 3.667685 13.088250 431.000000 85.000000 
6349.500000 11.262150 3.667745 13.088350 431.000000 85.000000 
6359.500000 11.262200 3.667785 13.088450 431.000000 85.000000 
6371.000000 11.262200 3.667800 13.088500 431.000000 85.000000 
